1 Q0 1410 1
1 Q0 1572 1
1 Q0 1605 1
1 Q0 2020 1
1 Q0 2358 1
2 Q0 2434 1
2 Q0 2863 1
2 Q0 3078 1
3 Q0 1134 1
3 Q0 1613 1
3 Q0 1807 1
3 Q0 1947 1
3 Q0 2290 1
3 Q0 2923 1
4 Q0 1749 1
4 Q0 1811 1
4 Q0 2256 1
4 Q0 2371 1
4 Q0 2597 1
4 Q0 2796 1
4 Q0 2912 1
4 Q0 3043 1
4 Q0 3073 1
4 Q0 3082 1
4 Q0 3127 1
4 Q0 3128 1
5 Q0 756 1
5 Q0 1307 1
5 Q0 1502 1
5 Q0 2035 1
5 Q0 2299 1
5 Q0 2399 1
5 Q0 2501 1
5 Q0 2820 1
6 Q0 1543 1
6 Q0 2078 1
6 Q0 2828 1
7 Q0 1198 1
7 Q0 1338 1
7 Q0 1877 1
7 Q0 1960 1
7 Q0 2150 1
7 Q0 2228 1
7 Q0 2256 1
7 Q0 2280 1
7 Q0 2320 1
7 Q0 2342 1
7 Q0 2376 1
7 Q0 2482 1
7 Q0 2578 1
7 Q0 2597 1
7 Q0 2618 1
7 Q0 2685 1
7 Q0 2700 1
7 Q0 2777 1
7 Q0 2865 1
7 Q0 2866 1
7 Q0 2895 1
7 Q0 2912 1
7 Q0 2941 1
7 Q0 3043 1
7 Q0 3082 1
7 Q0 3128 1
7 Q0 3141 1
7 Q0 3148 1
8 Q0 2625 1
8 Q0 2849 1
8 Q0 3032 1
9 Q0 2372 1
9 Q0 2632 1
9 Q0 2870 1
9 Q0 2876 1
9 Q0 3068 1
9 Q0 3111 1
9 Q0 3128 1
9 Q0 3158 1
9 Q0 3177 1
10 Q0 46 1
10 Q0 141 1
10 Q0 392 1
10 Q0 950 1
10 Q0 1158 1
10 Q0 1198 1
10 Q0 1262 1
10 Q0 1380 1
10 Q0 1471 1
10 Q0 1601 1
10 Q0 1613 1
10 Q0 1747 1
10 Q0 1795 1
10 Q0 1811 1
10 Q0 2060 1
10 Q0 2150 1
10 Q0 2256 1
10 Q0 2289 1
10 Q0 2342 1
10 Q0 2376 1
10 Q0 2433 1
10 Q0 2618 1
10 Q0 2664 1
10 Q0 2685 1
10 Q0 2700 1
10 Q0 2714 1
10 Q0 2777 1
10 Q0 2785 1
10 Q0 2851 1
10 Q0 2895 1
10 Q0 2896 1
10 Q0 2912 1
10 Q0 3039 1
10 Q0 3075 1
10 Q0 3156 1
11 Q0 1043 1
11 Q0 1188 1
11 Q0 1306 1
11 Q0 1358 1
11 Q0 1396 1
11 Q0 1491 1
11 Q0 1923 1
11 Q0 2246 1
11 Q0 2316 1
11 Q0 2527 1
11 Q0 2699 1
11 Q0 2710 1
11 Q0 2715 1
11 Q0 2716 1
11 Q0 2906 1
11 Q0 2923 1
11 Q0 2956 1
11 Q0 3073 1
11 Q0 3150 1
12 Q0 1523 1
12 Q0 2080 1
12 Q0 2246 1
12 Q0 2629 1
12 Q0 3127 1
13 Q0 115 1
13 Q0 1223 1
13 Q0 1231 1
13 Q0 1551 1
13 Q0 1625 1
13 Q0 1795 1
13 Q0 1807 1
13 Q0 1947 1
13 Q0 2495 1
13 Q0 2579 1
13 Q0 2897 1
14 Q0 74 1
14 Q0 117 1
14 Q0 232 1
14 Q0 776 1
14 Q0 827 1
14 Q0 850 1
14 Q0 851 1
14 Q0 852 1
14 Q0 854 1
14 Q0 855 1
14 Q0 856 1
14 Q0 857 1
14 Q0 858 1
14 Q0 860 1
14 Q0 861 1
14 Q0 862 1
14 Q0 864 1
14 Q0 865 1
14 Q0 866 1
14 Q0 1175 1
14 Q0 1724 1
14 Q0 1919 1
14 Q0 1956 1
14 Q0 1969 1
14 Q0 1980 1
14 Q0 1997 1
14 Q0 2017 1
14 Q0 2041 1
14 Q0 2108 1
14 Q0 2118 1
14 Q0 2146 1
14 Q0 2176 1
14 Q0 2191 1
14 Q0 2272 1
14 Q0 2337 1
14 Q0 2348 1
14 Q0 2397 1
14 Q0 2563 1
14 Q0 2664 1
14 Q0 2679 1
14 Q0 2714 1
14 Q0 2716 1
14 Q0 3075 1
14 Q0 3187 1
15 Q0 1231 1
15 Q0 1551 1
15 Q0 1613 1
15 Q0 1947 1
15 Q0 2263 1
15 Q0 2495 1
15 Q0 2598 1
15 Q0 2685 1
15 Q0 2701 1
15 Q0 2880 1
16 Q0 1746 1
16 Q0 1749 1
16 Q0 1828 1
16 Q0 1854 1
16 Q0 1960 1
16 Q0 2070 1
16 Q0 2114 1
16 Q0 2342 1
16 Q0 2376 1
16 Q0 2378 1
16 Q0 2500 1
16 Q0 2632 1
16 Q0 2817 1
16 Q0 2912 1
16 Q0 3073 1
16 Q0 3105 1
16 Q0 3148 1
17 Q0 115 1
17 Q0 405 1
17 Q0 1134 1
17 Q0 1223 1
17 Q0 1231 1
17 Q0 1535 1
17 Q0 1551 1
17 Q0 1613 1
17 Q0 1807 1
17 Q0 1934 1
17 Q0 1947 1
17 Q0 2290 1
17 Q0 2495 1
17 Q0 2579 1
17 Q0 2586 1
17 Q0 2923 1
18 Q0 1158 1
18 Q0 1215 1
18 Q0 1262 1
18 Q0 1471 1
18 Q0 1613 1
18 Q0 1811 1
18 Q0 2060 1
18 Q0 2175 1
18 Q0 2413 1
18 Q0 2433 1
18 Q0 2685 1
19 Q0 141 1
19 Q0 863 1
19 Q0 950 1
19 Q0 1601 1
19 Q0 2266 1
19 Q0 2664 1
19 Q0 2714 1
19 Q0 2973 1
19 Q0 3075 1
19 Q0 3156 1
19 Q0 3175 1
20 Q0 1563 1
20 Q0 2695 1
20 Q0 2986 1
21 Q0 1429 1
21 Q0 1847 1
21 Q0 2189 1
21 Q0 2490 1
21 Q0 2603 1
21 Q0 2701 1
21 Q0 2702 1
21 Q0 2703 1
21 Q0 2932 1
21 Q0 3018 1
21 Q0 3139 1
22 Q0 2369 1
22 Q0 2384 1
22 Q0 2441 1
22 Q0 2473 1
22 Q0 2564 1
22 Q0 2637 1
22 Q0 2638 1
22 Q0 2678 1
22 Q0 2692 1
22 Q0 2751 1
22 Q0 2760 1
22 Q0 2761 1
22 Q0 2827 1
22 Q0 2828 1
22 Q0 2829 1
22 Q0 3116 1
22 Q0 3149 1
23 Q0 2578 1
23 Q0 2849 1
23 Q0 3137 1
23 Q0 3148 1
24 Q0 268 1
24 Q0 1696 1
24 Q0 1892 1
24 Q0 2069 1
24 Q0 2123 1
24 Q0 2297 1
24 Q0 2373 1
24 Q0 2667 1
24 Q0 2862 1
24 Q0 2970 1
24 Q0 2996 1
24 Q0 3078 1
24 Q0 3098 1
25 Q0 268 1
25 Q0 757 1
25 Q0 963 1
25 Q0 1408 1
25 Q0 1518 1
25 Q0 1526 1
25 Q0 1533 1
25 Q0 1572 1
25 Q0 1653 1
25 Q0 1698 1
25 Q0 1719 1
25 Q0 1805 1
25 Q0 1892 1
25 Q0 1901 1
25 Q0 2085 1
25 Q0 2095 1
25 Q0 2218 1
25 Q0 2277 1
25 Q0 2318 1
25 Q0 2319 1
25 Q0 2358 1
25 Q0 2373 1
25 Q0 2434 1
25 Q0 2452 1
25 Q0 2535 1
25 Q0 2582 1
25 Q0 2667 1
25 Q0 2668 1
25 Q0 2669 1
25 Q0 2681 1
25 Q0 2741 1
25 Q0 2765 1
25 Q0 2798 1
25 Q0 2818 1
25 Q0 2831 1
25 Q0 2859 1
25 Q0 2862 1
25 Q0 2863 1
25 Q0 2881 1
25 Q0 2918 1
25 Q0 2928 1
25 Q0 2984 1
25 Q0 2988 1
25 Q0 2996 1
25 Q0 3006 1
25 Q0 3048 1
25 Q0 3059 1
25 Q0 3067 1
25 Q0 3088 1
25 Q0 3089 1
25 Q0 3119 1
26 Q0 1071 1
26 Q0 1198 1
26 Q0 1338 1
26 Q0 1749 1
26 Q0 1828 1
26 Q0 1854 1
26 Q0 1960 1
26 Q0 2080 1
26 Q0 2150 1
26 Q0 2256 1
26 Q0 2320 1
26 Q0 2342 1
26 Q0 2376 1
26 Q0 2379 1
26 Q0 2541 1
26 Q0 2597 1
26 Q0 2618 1
26 Q0 2632 1
26 Q0 2700 1
26 Q0 2740 1
26 Q0 2777 1
26 Q0 2851 1
26 Q0 2866 1
26 Q0 2912 1
26 Q0 2938 1
26 Q0 3039 1
26 Q0 3043 1
26 Q0 3048 1
26 Q0 3082 1
26 Q0 3128 1
27 Q0 1641 1
27 Q0 1642 1
27 Q0 1750 1
27 Q0 1752 1
27 Q0 1879 1
27 Q0 1884 1
27 Q0 1901 1
27 Q0 2095 1
27 Q0 2297 1
27 Q0 2435 1
27 Q0 2481 1
27 Q0 2498 1
27 Q0 2560 1
27 Q0 2596 1
27 Q0 2669 1
27 Q0 2734 1
27 Q0 2747 1
27 Q0 2768 1
27 Q0 2798 1
27 Q0 2818 1
27 Q0 2859 1
27 Q0 2864 1
27 Q0 2902 1
27 Q0 2918 1
27 Q0 2955 1
27 Q0 2983 1
27 Q0 2988 1
27 Q0 3000 1
27 Q0 3052 1
28 Q0 2578 1
28 Q0 2849 1
28 Q0 2890 1
28 Q0 2949 1
28 Q0 3032 1
29 Q0 377 1
29 Q0 513 1
29 Q0 610 1
29 Q0 935 1
29 Q0 1094 1
29 Q0 1420 1
29 Q0 1537 1
29 Q0 1538 1
29 Q0 1539 1
29 Q0 1840 1
29 Q0 1841 1
29 Q0 1967 1
29 Q0 2028 1
29 Q0 2089 1
29 Q0 2120 1
29 Q0 2462 1
29 Q0 2927 1
29 Q0 2932 1
29 Q0 3037 1
30 Q0 1926 1
30 Q0 2486 1
30 Q0 2786 1
30 Q0 2917 1
31 Q0 2125 1
31 Q0 3047 1
32 Q0 366 1
32 Q0 1145 1
32 Q0 3139 1
33 Q0 2805 1
36 Q0 1265 1
36 Q0 1350 1
36 Q0 1683 1
36 Q0 1768 1
36 Q0 1787 1
36 Q0 1825 1
36 Q0 1836 1
36 Q0 2015 1
36 Q0 2084 1
36 Q0 2110 1
36 Q0 2179 1
36 Q0 2340 1
36 Q0 2423 1
36 Q0 2702 1
36 Q0 2708 1
36 Q0 2733 1
36 Q0 2824 1
36 Q0 2836 1
36 Q0 2986 1
36 Q0 3094 1
37 Q0 2265 1
37 Q0 2377 1
37 Q0 2558 1
37 Q0 2625 1
37 Q0 2632 1
37 Q0 2651 1
37 Q0 2738 1
37 Q0 2840 1
37 Q0 2939 1
37 Q0 2941 1
37 Q0 3144 1
37 Q0 3148 1
38 Q0 2265 1
38 Q0 2558 1
38 Q0 2625 1
38 Q0 2632 1
38 Q0 2651 1
38 Q0 2868 1
38 Q0 2939 1
38 Q0 2940 1
38 Q0 2941 1
38 Q0 2956 1
38 Q0 2957 1
38 Q0 2958 1
38 Q0 2960 1
38 Q0 3031 1
38 Q0 3103 1
38 Q0 3150 1
39 Q0 1693 1
39 Q0 1861 1
39 Q0 2126 1
39 Q0 2265 1
39 Q0 2317 1
39 Q0 2558 1
39 Q0 2625 1
39 Q0 2632 1
39 Q0 2651 1
39 Q0 2939 1
39 Q0 2941 1
39 Q0 3031 1
40 Q0 1614 1
40 Q0 2126 1
40 Q0 2148 1
40 Q0 2265 1
40 Q0 2651 1
40 Q0 2939 1
40 Q0 2940 1
40 Q0 2941 1
40 Q0 2956 1
40 Q0 2958 1
42 Q0 963 1
42 Q0 1069 1
42 Q0 1518 1
42 Q0 1572 1
42 Q0 1653 1
42 Q0 1805 1
42 Q0 1827 1
42 Q0 1884 1
42 Q0 2022 1
42 Q0 2085 1
42 Q0 2151 1
42 Q0 2247 1
42 Q0 2318 1
42 Q0 2344 1
42 Q0 2522 1
42 Q0 2542 1
42 Q0 2749 1
42 Q0 2951 1
42 Q0 2984 1
42 Q0 3048 1
42 Q0 3072 1
43 Q0 122 1
43 Q0 266 1
43 Q0 297 1
43 Q0 462 1
43 Q0 1113 1
43 Q0 1325 1
43 Q0 1528 1
43 Q0 1554 1
43 Q0 1686 1
43 Q0 1697 1
43 Q0 2004 1
43 Q0 2195 1
43 Q0 2201 1
43 Q0 2211 1
43 Q0 2382 1
43 Q0 2400 1
43 Q0 2421 1
43 Q0 2514 1
43 Q0 2523 1
43 Q0 2655 1
43 Q0 2687 1
43 Q0 2751 1
43 Q0 2754 1
43 Q0 2771 1
43 Q0 2788 1
43 Q0 2811 1
43 Q0 2826 1
43 Q0 2827 1
43 Q0 2828 1
43 Q0 2829 1
43 Q0 2841 1
43 Q0 2883 1
43 Q0 2910 1
43 Q0 2913 1
43 Q0 2924 1
43 Q0 2994 1
43 Q0 3047 1
43 Q0 3062 1
43 Q0 3116 1
43 Q0 3149 1
43 Q0 3172 1
44 Q0 1804 1
44 Q0 1891 1
44 Q0 2004 1
44 Q0 2382 1
44 Q0 2514 1
44 Q0 2523 1
44 Q0 2547 1
44 Q0 2687 1
44 Q0 2751 1
44 Q0 2771 1
44 Q0 2827 1
44 Q0 2829 1
44 Q0 2910 1
44 Q0 2913 1
44 Q0 2924 1
44 Q0 3013 1
44 Q0 3047 1
45 Q0 268 1
45 Q0 1831 1
45 Q0 1935 1
45 Q0 2140 1
45 Q0 2257 1
45 Q0 2359 1
45 Q0 2360 1
45 Q0 2452 1
45 Q0 2493 1
45 Q0 2669 1
45 Q0 2680 1
45 Q0 2716 1
45 Q0 2765 1
45 Q0 2816 1
45 Q0 2878 1
45 Q0 2882 1
45 Q0 2900 1
45 Q0 2964 1
45 Q0 2965 1
45 Q0 2969 1
45 Q0 3002 1
45 Q0 3058 1
45 Q0 3129 1
45 Q0 3137 1
45 Q0 3152 1
45 Q0 3168 1
48 Q0 149 1
48 Q0 1353 1
48 Q0 1666 1
48 Q0 1729 1
48 Q0 1797 1
48 Q0 1863 1
48 Q0 2073 1
48 Q0 2223 1
48 Q0 2226 1
48 Q0 2285 1
48 Q0 2325 1
48 Q0 2589 1
49 Q0 1152 1
49 Q0 1515 1
49 Q0 1681 1
49 Q0 2127 1
49 Q0 2390 1
49 Q0 2561 1
49 Q0 2795 1
49 Q0 2832 1
57 Q0 3077 1
58 Q0 432 1
58 Q0 536 1
58 Q0 1293 1
58 Q0 1344 1
58 Q0 1398 1
58 Q0 1411 1
58 Q0 1420 1
58 Q0 1445 1
58 Q0 1619 1
58 Q0 1629 1
58 Q0 1631 1
58 Q0 1691 1
58 Q0 1709 1
58 Q0 1812 1
58 Q0 1944 1
58 Q0 2098 1
58 Q0 2115 1
58 Q0 2122 1
58 Q0 2123 1
58 Q0 2249 1
58 Q0 2349 1
58 Q0 2395 1
58 Q0 2634 1
58 Q0 2636 1
58 Q0 2719 1
58 Q0 2731 1
58 Q0 2825 1
58 Q0 3159 1
58 Q0 3166 1
58 Q0 3167 1
59 Q0 440 1
59 Q0 944 1
59 Q0 1112 1
59 Q0 1170 1
59 Q0 1235 1
59 Q0 1314 1
59 Q0 1324 1
59 Q0 1456 1
59 Q0 1457 1
59 Q0 1700 1
59 Q0 1785 1
59 Q0 1786 1
59 Q0 1855 1
59 Q0 1860 1
59 Q0 1885 1
59 Q0 1973 1
59 Q0 2018 1
59 Q0 2032 1
59 Q0 2033 1
59 Q0 2092 1
59 Q0 2107 1
59 Q0 2111 1
59 Q0 2127 1
59 Q0 2203 1
59 Q0 2251 1
59 Q0 2274 1
59 Q0 2359 1
59 Q0 2412 1
59 Q0 2524 1
59 Q0 2530 1
59 Q0 2532 1
59 Q0 2537 1
59 Q0 2543 1
59 Q0 2552 1
59 Q0 2559 1
59 Q0 2631 1
59 Q0 2673 1
59 Q0 2905 1
59 Q0 2974 1
59 Q0 2991 1
59 Q0 3053 1
59 Q0 3083 1
59 Q0 3126 1
60 Q0 2023 1
60 Q0 2046 1
60 Q0 2198 1
60 Q0 2377 1
60 Q0 2406 1
60 Q0 2452 1
60 Q0 2493 1
60 Q0 2516 1
60 Q0 2526 1
60 Q0 2593 1
60 Q0 2710 1
60 Q0 2715 1
60 Q0 2716 1
60 Q0 2717 1
60 Q0 2718 1
60 Q0 2765 1
60 Q0 2816 1
60 Q0 2817 1
60 Q0 2882 1
60 Q0 2957 1
60 Q0 2959 1
60 Q0 2960 1
60 Q0 2964 1
60 Q0 2976 1
60 Q0 3087 1
60 Q0 3137 1
60 Q0 3147 1
61 Q0 239 1
61 Q0 440 1
61 Q0 634 1
61 Q0 1032 1
61 Q0 1236 1
61 Q0 1457 1
61 Q0 1514 1
61 Q0 1675 1
61 Q0 1830 1
61 Q0 1927 1
61 Q0 1976 1
61 Q0 2160 1
61 Q0 2307 1
61 Q0 2363 1
61 Q0 2451 1
61 Q0 2452 1
61 Q0 2524 1
61 Q0 2575 1
61 Q0 2631 1
61 Q0 2641 1
61 Q0 2711 1
61 Q0 2765 1
61 Q0 2965 1
61 Q0 2966 1
61 Q0 2976 1
61 Q0 2990 1
61 Q0 3001 1
61 Q0 3012 1
61 Q0 3134 1
61 Q0 3168 1
61 Q0 3169 1
62 Q0 950 1
62 Q0 1601 1
62 Q0 1811 1
62 Q0 2289 1
62 Q0 2664 1
62 Q0 2714 1
62 Q0 3075 1
62 Q0 3156 1
63 Q0 950 1
63 Q0 1601 1
63 Q0 1795 1
63 Q0 1811 1
63 Q0 2266 1
63 Q0 2289 1
63 Q0 2557 1
63 Q0 2664 1
63 Q0 2714 1
63 Q0 2973 1
63 Q0 3075 1
63 Q0 3156 1
64 Q0 2651 1
