1 1410 1
1 1572 1
1 1605 1
1 2020 1
1 2358 1
2 2434 1
2 2863 1
2 3078 1
3 1134 1
3 1613 1
3 1807 1
3 1947 1
3 2290 1
3 2923 1
4 1749 1
4 1811 1
4 2256 1
4 2371 1
4 2597 1
4 2796 1
4 2912 1
4 3043 1
4 3073 1
4 3082 1
4 3127 1
4 3128 1
5 756 1
5 1307 1
5 1502 1
5 2035 1
5 2299 1
5 2399 1
5 2501 1
5 2820 1
6 1543 1
6 2078 1
6 2828 1
7 1198 1
7 1338 1
7 1877 1
7 1960 1
7 2150 1
7 2228 1
7 2256 1
7 2280 1
7 2320 1
7 2342 1
7 2376 1
7 2482 1
7 2578 1
7 2597 1
7 2618 1
7 2685 1
7 2700 1
7 2777 1
7 2865 1
7 2866 1
7 2895 1
7 2912 1
7 2941 1
7 3043 1
7 3082 1
7 3128 1
7 3141 1
7 3148 1
8 2625 1
8 2849 1
8 3032 1
9 2372 1
9 2632 1
9 2870 1
9 2876 1
9 3068 1
9 3111 1
9 3128 1
9 3158 1
9 3177 1
10 46 1
10 141 1
10 392 1
10 950 1
10 1158 1
10 1198 1
10 1262 1
10 1380 1
10 1471 1
10 1601 1
10 1613 1
10 1747 1
10 1795 1
10 1811 1
10 2060 1
10 2150 1
10 2256 1
10 2289 1
10 2342 1
10 2376 1
10 2433 1
10 2618 1
10 2664 1
10 2685 1
10 2700 1
10 2714 1
10 2777 1
10 2785 1
10 2851 1
10 2895 1
10 2896 1
10 2912 1
10 3039 1
10 3075 1
10 3156 1
11 1043 1
11 1188 1
11 1306 1
11 1358 1
11 1396 1
11 1491 1
11 1923 1
11 2246 1
11 2316 1
11 2527 1
11 2699 1
11 2710 1
11 2715 1
11 2716 1
11 2906 1
11 2923 1
11 2956 1
11 3073 1
11 3150 1
12 1523 1
12 2080 1
12 2246 1
12 2629 1
12 3127 1
13 115 1
13 1223 1
13 1231 1
13 1551 1
13 1625 1
13 1795 1
13 1807 1
13 1947 1
13 2495 1
13 2579 1
13 2897 1
14 74 1
14 117 1
14 232 1
14 776 1
14 827 1
14 850 1
14 851 1
14 852 1
14 854 1
14 855 1
14 856 1
14 857 1
14 858 1
14 860 1
14 861 1
14 862 1
14 864 1
14 865 1
14 866 1
14 1175 1
14 1724 1
14 1919 1
14 1956 1
14 1969 1
14 1980 1
14 1997 1
14 2017 1
14 2041 1
14 2108 1
14 2118 1
14 2146 1
14 2176 1
14 2191 1
14 2272 1
14 2337 1
14 2348 1
14 2397 1
14 2563 1
14 2664 1
14 2679 1
14 2714 1
14 2716 1
14 3075 1
14 3187 1
15 1231 1
15 1551 1
15 1613 1
15 1947 1
15 2263 1
15 2495 1
15 2598 1
15 2685 1
15 2701 1
15 2880 1
16 1746 1
16 1749 1
16 1828 1
16 1854 1
16 1960 1
16 2070 1
16 2114 1
16 2342 1
16 2376 1
16 2378 1
16 2500 1
16 2632 1
16 2817 1
16 2912 1
16 3073 1
16 3105 1
16 3148 1
17 115 1
17 405 1
17 1134 1
17 1223 1
17 1231 1
17 1535 1
17 1551 1
17 1613 1
17 1807 1
17 1934 1
17 1947 1
17 2290 1
17 2495 1
17 2579 1
17 2586 1
17 2923 1
18 1158 1
18 1215 1
18 1262 1
18 1471 1
18 1613 1
18 1811 1
18 2060 1
18 2175 1
18 2413 1
18 2433 1
18 2685 1
19 141 1
19 863 1
19 950 1
19 1601 1
19 2266 1
19 2664 1
19 2714 1
19 2973 1
19 3075 1
19 3156 1
19 3175 1
20 1563 1
20 2695 1
20 2986 1
21 1429 1
21 1847 1
21 2189 1
21 2490 1
21 2603 1
21 2701 1
21 2702 1
21 2703 1
21 2932 1
21 3018 1
21 3139 1
22 2369 1
22 2384 1
22 2441 1
22 2473 1
22 2564 1
22 2637 1
22 2638 1
22 2678 1
22 2692 1
22 2751 1
22 2760 1
22 2761 1
22 2827 1
22 2828 1
22 2829 1
22 3116 1
22 3149 1
23 2578 1
23 2849 1
23 3137 1
23 3148 1
24 268 1
24 1696 1
24 1892 1
24 2069 1
24 2123 1
24 2297 1
24 2373 1
24 2667 1
24 2862 1
24 2970 1
24 2996 1
24 3078 1
24 3098 1
25 268 1
25 757 1
25 963 1
25 1408 1
25 1518 1
25 1526 1
25 1533 1
25 1572 1
25 1653 1
25 1698 1
25 1719 1
25 1805 1
25 1892 1
25 1901 1
25 2085 1
25 2095 1
25 2218 1
25 2277 1
25 2318 1
25 2319 1
25 2358 1
25 2373 1
25 2434 1
25 2452 1
25 2535 1
25 2582 1
25 2667 1
25 2668 1
25 2669 1
25 2681 1
25 2741 1
25 2765 1
25 2798 1
25 2818 1
25 2831 1
25 2859 1
25 2862 1
25 2863 1
25 2881 1
25 2918 1
25 2928 1
25 2984 1
25 2988 1
25 2996 1
25 3006 1
25 3048 1
25 3059 1
25 3067 1
25 3088 1
25 3089 1
25 3119 1
26 1071 1
26 1198 1
26 1338 1
26 1749 1
26 1828 1
26 1854 1
26 1960 1
26 2080 1
26 2150 1
26 2256 1
26 2320 1
26 2342 1
26 2376 1
26 2379 1
26 2541 1
26 2597 1
26 2618 1
26 2632 1
26 2700 1
26 2740 1
26 2777 1
26 2851 1
26 2866 1
26 2912 1
26 2938 1
26 3039 1
26 3043 1
26 3048 1
26 3082 1
26 3128 1
27 1641 1
27 1642 1
27 1750 1
27 1752 1
27 1879 1
27 1884 1
27 1901 1
27 2095 1
27 2297 1
27 2435 1
27 2481 1
27 2498 1
27 2560 1
27 2596 1
27 2669 1
27 2734 1
27 2747 1
27 2768 1
27 2798 1
27 2818 1
27 2859 1
27 2864 1
27 2902 1
27 2918 1
27 2955 1
27 2983 1
27 2988 1
27 3000 1
27 3052 1
28 2578 1
28 2849 1
28 2890 1
28 2949 1
28 3032 1
29 377 1
29 513 1
29 610 1
29 935 1
29 1094 1
29 1420 1
29 1537 1
29 1538 1
29 1539 1
29 1840 1
29 1841 1
29 1967 1
29 2028 1
29 2089 1
29 2120 1
29 2462 1
29 2927 1
29 2932 1
29 3037 1
30 1926 1
30 2486 1
30 2786 1
30 2917 1
31 2125 1
31 3047 1
32 366 1
32 1145 1
32 3139 1
33 2805 1
36 1265 1
36 1350 1
36 1683 1
36 1768 1
36 1787 1
36 1825 1
36 1836 1
36 2015 1
36 2084 1
36 2110 1
36 2179 1
36 2340 1
36 2423 1
36 2702 1
36 2708 1
36 2733 1
36 2824 1
36 2836 1
36 2986 1
36 3094 1
37 2265 1
37 2377 1
37 2558 1
37 2625 1
37 2632 1
37 2651 1
37 2738 1
37 2840 1
37 2939 1
37 2941 1
37 3144 1
37 3148 1
38 2265 1
38 2558 1
38 2625 1
38 2632 1
38 2651 1
38 2868 1
38 2939 1
38 2940 1
38 2941 1
38 2956 1
38 2957 1
38 2958 1
38 2960 1
38 3031 1
38 3103 1
38 3150 1
39 1693 1
39 1861 1
39 2126 1
39 2265 1
39 2317 1
39 2558 1
39 2625 1
39 2632 1
39 2651 1
39 2939 1
39 2941 1
39 3031 1
40 1614 1
40 2126 1
40 2148 1
40 2265 1
40 2651 1
40 2939 1
40 2940 1
40 2941 1
40 2956 1
40 2958 1
42 963 1
42 1069 1
42 1518 1
42 1572 1
42 1653 1
42 1805 1
42 1827 1
42 1884 1
42 2022 1
42 2085 1
42 2151 1
42 2247 1
42 2318 1
42 2344 1
42 2522 1
42 2542 1
42 2749 1
42 2951 1
42 2984 1
42 3048 1
42 3072 1
43 122 1
43 266 1
43 297 1
43 462 1
43 1113 1
43 1325 1
43 1528 1
43 1554 1
43 1686 1
43 1697 1
43 2004 1
43 2195 1
43 2201 1
43 2211 1
43 2382 1
43 2400 1
43 2421 1
43 2514 1
43 2523 1
43 2655 1
43 2687 1
43 2751 1
43 2754 1
43 2771 1
43 2788 1
43 2811 1
43 2826 1
43 2827 1
43 2828 1
43 2829 1
43 2841 1
43 2883 1
43 2910 1
43 2913 1
43 2924 1
43 2994 1
43 3047 1
43 3062 1
43 3116 1
43 3149 1
43 3172 1
44 1804 1
44 1891 1
44 2004 1
44 2382 1
44 2514 1
44 2523 1
44 2547 1
44 2687 1
44 2751 1
44 2771 1
44 2827 1
44 2829 1
44 2910 1
44 2913 1
44 2924 1
44 3013 1
44 3047 1
45 268 1
45 1831 1
45 1935 1
45 2140 1
45 2257 1
45 2359 1
45 2360 1
45 2452 1
45 2493 1
45 2669 1
45 2680 1
45 2716 1
45 2765 1
45 2816 1
45 2878 1
45 2882 1
45 2900 1
45 2964 1
45 2965 1
45 2969 1
45 3002 1
45 3058 1
45 3129 1
45 3137 1
45 3152 1
45 3168 1
48 149 1
48 1353 1
48 1666 1
48 1729 1
48 1797 1
48 1863 1
48 2073 1
48 2223 1
48 2226 1
48 2285 1
48 2325 1
48 2589 1
49 1152 1
49 1515 1
49 1681 1
49 2127 1
49 2390 1
49 2561 1
49 2795 1
49 2832 1
57 3077 1
58 432 1
58 536 1
58 1293 1
58 1344 1
58 1398 1
58 1411 1
58 1420 1
58 1445 1
58 1619 1
58 1629 1
58 1631 1
58 1691 1
58 1709 1
58 1812 1
58 1944 1
58 2098 1
58 2115 1
58 2122 1
58 2123 1
58 2249 1
58 2349 1
58 2395 1
58 2634 1
58 2636 1
58 2719 1
58 2731 1
58 2825 1
58 3159 1
58 3166 1
58 3167 1
59 440 1
59 944 1
59 1112 1
59 1170 1
59 1235 1
59 1314 1
59 1324 1
59 1456 1
59 1457 1
59 1700 1
59 1785 1
59 1786 1
59 1855 1
59 1860 1
59 1885 1
59 1973 1
59 2018 1
59 2032 1
59 2033 1
59 2092 1
59 2107 1
59 2111 1
59 2127 1
59 2203 1
59 2251 1
59 2274 1
59 2359 1
59 2412 1
59 2524 1
59 2530 1
59 2532 1
59 2537 1
59 2543 1
59 2552 1
59 2559 1
59 2631 1
59 2673 1
59 2905 1
59 2974 1
59 2991 1
59 3053 1
59 3083 1
59 3126 1
60 2023 1
60 2046 1
60 2198 1
60 2377 1
60 2406 1
60 2452 1
60 2493 1
60 2516 1
60 2526 1
60 2593 1
60 2710 1
60 2715 1
60 2716 1
60 2717 1
60 2718 1
60 2765 1
60 2816 1
60 2817 1
60 2882 1
60 2957 1
60 2959 1
60 2960 1
60 2964 1
60 2976 1
60 3087 1
60 3137 1
60 3147 1
61 239 1
61 440 1
61 634 1
61 1032 1
61 1236 1
61 1457 1
61 1514 1
61 1675 1
61 1830 1
61 1927 1
61 1976 1
61 2160 1
61 2307 1
61 2363 1
61 2451 1
61 2452 1
61 2524 1
61 2575 1
61 2631 1
61 2641 1
61 2711 1
61 2765 1
61 2965 1
61 2966 1
61 2976 1
61 2990 1
61 3001 1
61 3012 1
61 3134 1
61 3168 1
61 3169 1
62 950 1
62 1601 1
62 1811 1
62 2289 1
62 2664 1
62 2714 1
62 3075 1
62 3156 1
63 950 1
63 1601 1
63 1795 1
63 1811 1
63 2266 1
63 2289 1
63 2557 1
63 2664 1
63 2714 1
63 2973 1
63 3075 1
63 3156 1
64 2651 1
